77 0.107639 0.12 0.0597222 0.0884211 0.205566
63 0.397917 0.353684 0.0763889 0.0421053 0.20752
24 0.295833 0.870526 0.222222 0.250526 0.21228
73 0.397917 0.353684 0.0763889 0.0421053 0.223511
26 0.534028 0.96 0.154167 0.08 0.236816
73 0.448611 0.0263158 0.0138889 0.0526316 0.239136
73 0.194444 0.661053 0.0611111 0.109474 0.26709
39 0.811111 0.312632 0.0361111 0.0905263 0.298828
73 0.426389 0.108421 0.0138889 0.0652632 0.35376
73 0.428472 0.0242105 0.0152778 0.0484211 0.378662
73 0.438889 0.205263 0.0166667 0.0610526 0.403076
73 0.327083 0.685263 0.0902778 0.128421 0.413818
26 0.429167 0.767368 0.122222 0.406316 0.456299
73 0.442361 0.112632 0.0152778 0.0610526 0.49585
73 0.440278 0.0252632 0.0194444 0.0505263 0.516602
73 0.435417 0.112632 0.0180556 0.0610526 0.522949
73 0.434028 0.283158 0.0236111 0.0610526 0.55127
25 0.668056 0.896842 0.119444 0.206316 0.566406
73 0.427778 0.204211 0.0222222 0.0673684 0.619629
59 0.485417 0.475789 0.568056 0.741053 0.630371
77 0.0256944 0.144211 0.0513889 0.136842 0.739258
