0 0.258488 0.239041 0.0339506 0.217808 0.209473
0 0.231096 0.244521 0.0810185 0.228767 0.222046
0 0.0601852 0.267123 0.0447531 0.221918 0.237915
41 0.376157 0.286301 0.0378086 0.0547945 0.248779
67 0.864969 0.686986 0.0416667 0.0616438 0.346191
0 0.976466 0.363014 0.0470679 0.164384 0.366699
0 0.339506 0.45 0.165123 0.590411 0.395996
67 0.878858 0.721918 0.0740741 0.131507 0.474121
0 0.945216 0.4 0.108025 0.323288 0.49707
67 0.0146605 0.378082 0.029321 0.0794521 0.708984
67 0.676312 0.308904 0.0270062 0.0972603 0.727539
0 0.497299 0.660274 0.209105 0.657534 0.774414
0 0.825617 0.467808 0.141975 0.436986 0.780762
67 0.914738 0.286986 0.0362654 0.10274 0.783203
67 0.10841 0.252055 0.0347222 0.158904 0.824707
0 0.0775463 0.673973 0.155093 0.621918 0.844727
0 0.656636 0.513014 0.265432 0.963014 0.887695
0 0.885802 0.734932 0.226852 0.516438 0.923828
0 0.241898 0.604795 0.323302 0.776712 0.935059
