2 0.0141602 0.658203 0.0283203 0.31901 0.22998
2 0.949219 0.0742188 0.0996094 0.114583 0.243042
0 0.42041 0.285807 0.0244141 0.0299479 0.252197
2 0.669434 0.123047 0.124023 0.110677 0.270264
2 0.456543 0.0488281 0.114258 0.0976562 0.272949
0 0.386719 0.113932 0.0253906 0.0195312 0.273438
2 0.88916 0.046224 0.124023 0.0924479 0.321533
0 0.588867 0.955078 0.0253906 0.0325521 0.325928
7 0.523926 0.205729 0.161133 0.161458 0.329102
2 0.802246 0.0742188 0.147461 0.111979 0.333984
0 0.759277 0.623698 0.0634766 0.0364583 0.358887
2 0.208984 0.0911458 0.117188 0.101562 0.391113
2 0.922363 0.129557 0.120117 0.0898438 0.391602
0 0.141602 0.295573 0.0351562 0.0364583 0.39209
2 0.806152 0.159505 0.155273 0.134115 0.395264
7 0.682617 0.316406 0.15625 0.182292 0.397461
0 0.704102 0.260417 0.0234375 0.0286458 0.422363
7 0.660156 0.0507812 0.152344 0.101562 0.453125
2 0.0405273 0.183594 0.0810547 0.158854 0.478516
0 0.282715 0.414062 0.0419922 0.0338542 0.480225
2 0.120117 0.333333 0.130859 0.145833 0.506836
0 0.202148 0.354818 0.03125 0.0299479 0.515625
0 0.945801 0.436849 0.0419922 0.0455729 0.53125
2 0.979004 0.251302 0.0419922 0.117188 0.539062
0 0.60791 0.402344 0.0576172 0.0416667 0.55127
0 0.691895 0.508464 0.0595703 0.0455729 0.562988
2 0.367676 0.141927 0.125977 0.122396 0.586426
2 0.151367 0.154948 0.125 0.122396 0.617676
2 0.493164 0.395182 0.130859 0.154948 0.621582
2 0.104004 0.268229 0.149414 0.179688 0.629883
2 0.447754 0.320964 0.145508 0.144531 0.640625
2 0.92334 0.207031 0.125977 0.106771 0.646973
7 0.807617 0.159505 0.15625 0.134115 0.648926
0 0.616699 0.941406 0.0712891 0.0598958 0.65918
2 0.524902 0.205078 0.161133 0.16276 0.708984
2 0.167969 0.396484 0.138672 0.165365 0.732422
0 0.393555 0.561198 0.0410156 0.0390625 0.734863
2 0.682129 0.316406 0.155273 0.179688 0.746582
0 0.0341797 0.921224 0.0683594 0.0638021 0.750977
2 0.254395 0.459635 0.174805 0.174479 0.793945
2 0.29834 0.221354 0.147461 0.169271 0.794922
0 0.410645 0.738281 0.0595703 0.0546875 0.794922
2 0.273438 0.546224 0.15625 0.188802 0.807617
0 0.487793 0.739583 0.0556641 0.0442708 0.821777
2 0.917969 0.48112 0.160156 0.18099 0.847656
2 0.575195 0.457031 0.177734 0.221354 0.865723
0 0.971191 0.750651 0.0556641 0.0559896 0.866699
2 0.945312 0.563151 0.109375 0.175781 0.899414
2 0.668945 0.554688 0.193359 0.234375 0.903809
2 0.585938 0.933594 0.273438 0.132812 0.916992
2 0.0595703 0.927083 0.117188 0.143229 0.917969
2 0.361816 0.630208 0.209961 0.270833 0.932129
2 0.907715 0.813802 0.18457 0.252604 0.944824
2 0.731934 0.672526 0.208008 0.21224 0.946777
2 0.458496 0.79362 0.227539 0.230469 0.950195
