0 0.122656 0.784259 0.0151042 0.0537037 0.24353
2 0.378125 0.188426 0.0427083 0.0490741 0.306641
0 0.108594 0.848148 0.0338542 0.140741 0.430176
7 0.475521 0.830556 0.115625 0.153704 0.45752
9 0.346875 0.147222 0.04375 0.0425926 0.459473
2 0.346875 0.419444 0.0729167 0.0722222 0.494385
7 0.553906 0.412963 0.0598958 0.103704 0.574707
9 0.457031 0.137963 0.0473958 0.0481481 0.577637
2 0.474479 0.830093 0.1125 0.15463 0.60791
2 0.527083 0.211574 0.0479167 0.0731481 0.619629
2 0.376302 0.212963 0.0421875 0.062963 0.625
2 0.366927 0.320833 0.0442708 0.0416667 0.628418
2 0.546875 0.345833 0.0552083 0.0842593 0.643555
9 0.717708 0.8625 0.102083 0.0953704 0.683105
2 0.450781 0.188426 0.0421875 0.0583333 0.68457
2 0.553646 0.412963 0.059375 0.103704 0.701172
2 0.373958 0.260185 0.0489583 0.0611111 0.70459
9 0.564583 0.137963 0.046875 0.0444444 0.705566
9 0.250521 0.881944 0.0520833 0.0935185 0.723633
2 0.359115 0.365278 0.0651042 0.0916667 0.854004
2 0.379167 0.303704 0.0489583 0.0703704 0.855469
2 0.628125 0.909259 0.102083 0.151852 0.878906
2 0.464844 0.537963 0.0713542 0.0944444 0.90625
2 0.465365 0.671296 0.0786458 0.133333 0.925781
2 0.614323 0.755556 0.0869792 0.124074 0.92627
2 0.584375 0.599537 0.0770833 0.117593 0.928223
5 0.332812 0.574074 0.119792 0.292593 0.930176
