73 0.58 0.294586 0.02 0.0605096 0.233398
24 0.254583 0.691879 0.0725 0.14172 0.24231
50 0.832083 0.911624 0.1725 0.109873 0.253906
73 0.347083 0.226911 0.00916667 0.0748408 0.260742
75 0.32875 0.0756369 0.0325 0.148089 0.318115
73 0.335833 0.228503 0.015 0.071656 0.323486
26 0.784583 0.795382 0.0808333 0.151274 0.334473
73 0.567917 0.294586 0.00916667 0.066879 0.359131
63 0.971667 0.286624 0.0566667 0.140127 0.436279
73 0.356667 0.600318 0.0633333 0.0477707 0.448242
73 0.35375 0.577229 0.0591667 0.0398089 0.553223
73 0.324167 0.234076 0.02 0.0636943 0.557129
76 0.453333 0.873408 0.04 0.0429936 0.598145
73 0.299583 0.238853 0.0341667 0.0605096 0.609863
39 0.348333 0.340764 0.015 0.0796178 0.660156
39 0.360833 0.339172 0.015 0.0732484 0.702148
62 0.971667 0.285828 0.055 0.138535 0.702637
59 0.6225 0.57086 0.47 0.562102 0.821777
