0 0.484518 0.356655 0.0149083 0.0511945 0.216431
2 0.106651 0.374573 0.0298165 0.0255973 0.363525
7 0.624427 0.365188 0.147936 0.0955631 0.465088
9 0.306766 0.168089 0.0172018 0.059727 0.493896
2 0.517775 0.418942 0.0745413 0.0767918 0.65332
2 0.512615 0.465017 0.0573394 0.148464 0.713379
1 0.273509 0.653584 0.0607798 0.201365 0.772461
2 0.110092 0.447952 0.0366972 0.124573 0.814453
7 0.0544725 0.37628 0.108945 0.459044 0.845215
7 0.912844 0.445392 0.172018 0.290102 0.892578
2 0.427179 0.480375 0.196101 0.240614 0.924805
7 0.208716 0.348123 0.181193 0.385666 0.932129
0 0.265482 0.465017 0.159404 0.44198 0.933105
2 0.608372 0.476109 0.147936 0.208191 0.943359
2 0.784977 0.482082 0.28555 0.261092 0.950195
