1 0.296875 0.24375 0.075 0.7828125 0.1865569640625 0.7820347562500001 0.35234375 0.24453125 0.296875 0.24375
1 0.7265625 0.25 0.6703125 0.2484375 0.80625 0.7953125 0.9203125 0.7984375 0.7265625 0.25
2 0.20078125 0.7515625 0.0640625 0.2703125
2 0.53359375 0.1734375 0.0328125 0.1453125
0 0.50078125 0.584375 0.0265625 0.0296875
0 0.2484375 0.58046875 0.025 0.0265625
0 0.75390625 0.59140625 0.02734375 0.025
0 0.8046875 0.79140625 0.025 0.02734375
0 0.33125 0.31796875 0.0265625 0.02734375
0 0.509375 0.32265625 0.0203125 0.02109375
0 0.684375 0.3234375 0.03046875 0.02734375
0 0.6703125 0.25078125 0.02109375 0.02421875
0 0.35078125 0.24609375 0.01640625 0.0203125