1 0.9172734890625 0.798041484375 0.7262313 0.2499807359375 0.6679702062499999 0.24930328125 0.8075258484375001 0.7946542109375 0.9172734890625 0.798041484375
1 0.296047646875 0.2445611 0.074520003125 0.7790727562499999 0.1849450984375 0.780427665625 0.35295383125 0.2445611 0.296047646875 0.2445611
2 0.19921875 0.7515625 0.05625 0.2671875
2 0.5328125 0.17109375 0.040625 0.15
0 0.49921875 0.58203125 0.0328125 0.03125
0 0.80546875 0.78984375 0.0375 0.04140625
0 0.75234375 0.59140625 0.0328125 0.034375
0 0.3296875 0.31875 0.02265625 0.0203125
0 0.50859375 0.321875 0.0265625 0.02265625
0 0.6859375 0.32109375 0.02265625 0.01953125
0 0.66953125 0.25 0.0265625 0.02265625
0 0.3515625 0.2453125 0.02578125 0.025