1 0.296858284375 0.24271999531250002 0.0734375 0.7828125 0.1858747921875 0.7822982765625001 0.3535011953125 0.24357229687499998 0.296858284375 0.24271999531250002
1 0.72502308125 0.2490442484375 0.6684464359375 0.2496592109375 0.8061982703125 0.793917940625 0.9199665265625001 0.798222684375 0.72502308125 0.2490442484375
2 0.53359375 0.17265625 0.0359375 0.14375
2 0.20078125 0.74765625 0.05625 0.2625
0 0.80546875 0.79140625 0.02265625 0.02421875
0 0.75234375 0.590625 0.0265625 0.02578125
0 0.5 0.584375 0.0265625 0.028125
0 0.24765625 0.5796875 0.0234375 0.0234375
0 0.3296875 0.31640625 0.02109375 0.02109375
0 0.5078125 0.3234375 0.01875 0.0203125
0 0.684375 0.3234375 0.02421875 0.02109375
0 0.66875 0.25078125 0.01953125 0.0234375
0 0.35 0.24609375 0.015625 0.01875