1 0.8108426078125 0.7943144109375 0.9005945625 0.7929690921875 0.75606893125 0.16489759531249998 0.7001421234375 0.16489759531249998 0.8108426078125 0.7943144109375
1 0.2117915515625 0.8050769578124999 0.30173569375 0.8029628859375 0.3832235515625 0.1697023046875 0.32787330937500003 0.1698944921875 0.2117915515625 0.8050769578124999
2 0.62578125 0.13515625 0.0359375 0.1140625
2 0.5828125 0.87421875 0.078125 0.234375
0 0.3 0.8 0.015625 0.01875
0 0.8109375 0.79296875 0.02578125 0.021875
0 0.55078125 0.58984375 0.01796875 0.01953125
0 0.775 0.58671875 0.02421875 0.0203125
0 0.328125 0.59375 0.02421875 0.0203125
0 0.3703125 0.26875 0.015625 0.0203125
0 0.54453125 0.26796875 0.0265625 0.025
0 0.71796875 0.2640625 0.0296875 0.0296875
0 0.70234375 0.16484375 0.021875 0.021875
0 0.38203125 0.171875 0.0234375 0.02265625