1 0.3265625 0.16875 0.2109375 0.8078125 0.303125 0.803125 0.384375 0.16875 0.3265625 0.16875
1 0.900390625 0.794921875 0.7568359375 0.1630859375 0.7001953125 0.1640625 0.8125 0.794921875 0.900390625 0.794921875
2 0.62421875 0.13359375 0.0421875 0.1203125
2 0.5859375 0.875 0.078125 0.2359375
0 0.30078125 0.8015625 0.02109375 0.02265625
0 0.55078125 0.58984375 0.0234375 0.02265625
0 0.328125 0.59453125 0.02421875 0.02421875
0 0.77421875 0.5875 0.02734375 0.02578125
0 0.80859375 0.7921875 0.0203125 0.02734375
0 0.54453125 0.26875 0.0171875 0.02421875
0 0.71796875 0.26484375 0.021875 0.01875
0 0.7015625 0.1640625 0.01484375 0.01796875
0 0.38125 0.17109375 0.0109375 0.01484375
0 0.3703125 0.2703125 0.02265625 0.021875