1 0.2973789609375 0.2512736953125 0.0610894765625 0.8610158265625 0.16886053437499998 0.8650500375 0.3498237 0.2535789578125 0.2973789609375 0.2512736953125
1 0.8984763546875 0.8896651703125 0.705986871875 0.267244090625 0.65411845 0.266091459375 0.7930105609375 0.886207275 0.8984763546875 0.8896651703125
2 0.5921875 0.62109375 0.0828125 0.165625
2 0.490625 0.1828125 0.0328125 0.109375
0 0.79375 0.884375 0.03359375 0.0328125
0 0.23671875 0.63125 0.0296875 0.03203125
0 0.48671875 0.6375 0.03828125 0.0375
0 0.73828125 0.64765625 0.040625 0.03984375
0 0.3265625 0.33203125 0.03203125 0.025
0 0.3484375 0.2546875 0.01953125 0.0234375
0 0.49921875 0.3375 0.02734375 0.02421875
0 0.6703125 0.34140625 0.02421875 0.0234375
0 0.653125 0.265625 0.02734375 0.0265625
0 0.16953125 0.8625 0.0296875 0.03125