1 0.30807538125 0.278706328125 0.1588326390625 0.7564029796875 0.252933484375 0.7534061375000001 0.35662422656250004 0.27810695937499996 0.30807538125 0.278706328125
1 0.8756773015625001 0.734226346875 0.685677503125 0.266119590625 0.637128659375 0.2679176953125 0.7833745609375 0.734226346875 0.8756773015625001 0.734226346875
2 0.3140625 0.70390625 0.04375 0.2171875
2 0.51171875 0.64140625 0.065625 0.2296875
2 0.44140625 0.3125 0.025 0.1703125
2 0.553125 0.3015625 0.0359375 0.14375
0 0.2515625 0.75078125 0.01640625 0.02265625
0 0.7796875 0.73359375 0.025 0.02265625
0 0.65390625 0.33125 0.01953125 0.01796875
0 0.63359375 0.26796875 0.01640625 0.01953125
0 0.35546875 0.27734375 0.01640625 0.01875
0 0.72734375 0.5671875 0.01953125 0.01796875
0 0.290625 0.578125 0.01484375 0.01875
0 0.49921875 0.3390625 0.01640625 0.01796875
0 0.340625 0.34140625 0.01953125 0.01953125