1 0.387238425 0.2679583546875 0.3470476765625 0.26798828124999996 0.175842528125 0.7786025999999999 0.2585271765625 0.7786025999999999 0.387238425 0.2679583546875
1 0.7410902453125 0.77937753125 0.8236465718750001 0.7801503328125 0.659012146875 0.2687747296875 0.6201513984375 0.26894893125 0.7410902453125 0.77937753125
2 0.19140625 0.70703125 0.065625 0.15
2 0.5078125 0.22265625 0.0328125 0.090625
0 0.26015625 0.775 0.02421875 0.0234375
0 0.7390625 0.77578125 0.03203125 0.03203125
0 0.5 0.58125 0.0234375 0.02890625
0 0.69375 0.5828125 0.0234375 0.0171875
0 0.309375 0.58046875 0.02421875 0.0234375
0 0.371875 0.33203125 0.0203125 0.01875
0 0.503125 0.3328125 0.02109375 0.021875
0 0.63359375 0.33359375 0.02421875 0.0171875
0 0.62109375 0.26953125 0.01796875 0.01640625
0 0.3859375 0.26875 0.0203125 0.02109375