1 0.1459077375 0.76723151875 0.236370534375 0.76723151875 0.3798464765625 0.240018228125 0.33899230937499997 0.240018228125 0.1459077375 0.76723151875
1 0.8538034437500001 0.7701496734375 0.6633938453125 0.24074776718750002 0.6222965 0.2402614078125 0.7621247484375 0.769420134375 0.8538034437500001 0.7701496734375
2 0.49921875 0.1875 0.0296875 0.0890625
2 0.69375 0.83125 0.10625 0.190625
0 0.23828125 0.765625 0.021875 0.0234375
0 0.75859375 0.76640625 0.02109375 0.02109375
0 0.70625 0.5578125 0.0203125 0.01796875
0 0.4984375 0.55703125 0.01796875 0.0171875
0 0.378125 0.23984375 0.01640625 0.0171875
0 0.62109375 0.240625 0.0140625 0.01484375
0 0.50078125 0.30390625 0.01328125 0.0140625
0 0.63828125 0.3046875 0.015625 0.01328125
0 0.36171875 0.30390625 0.01875 0.01640625