1 0.2402679078125 0.77066481875 0.360572915625 0.243072915625 0.312898634375 0.2427406125 0.149540871875 0.7714983734375 0.2402679078125 0.77066481875
1 0.8582812499999999 0.76796875 0.6939034687500001 0.24125000000000002 0.64593584375 0.24125000000000002 0.76718584375 0.7678125 0.8582812499999999 0.76796875
2 0.54140625 0.19296875 0.040625 0.1078125
2 0.178125 0.7234375 0.0921875 0.1375
0 0.503125 0.578125 0.02578125 0.0265625
0 0.721875 0.57890625 0.02578125 0.02578125
0 0.765625 0.76484375 0.021875 0.021875
0 0.24140625 0.76796875 0.02421875 0.02734375
0 0.28515625 0.58125 0.01953125 0.01796875
0 0.34453125 0.3171875 0.02109375 0.01796875
0 0.503125 0.3171875 0.01484375 0.01640625
0 0.6609375 0.31484375 0.015625 0.015625
0 0.6453125 0.2421875 0.01484375 0.02265625
0 0.36015625 0.24375 0.0171875 0.0203125