1 0.369376934375 0.2098096140625 0.1957995265625 0.727670315625 0.274894265625 0.7273286062500001 0.40252275156249995 0.21032217812499998 0.369376934375 0.2098096140625
1 0.7285245890625001 0.73228339375 0.8096775468749999 0.7338210859375 0.6302745734374999 0.2104930328125 0.5967870453125 0.21032217812499998 0.7285245890625001 0.73228339375
2 0.69921875 0.67734375 0.05 0.1734375
2 0.48984375 0.1796875 0.0203125 0.084375
0 0.27578125 0.721875 0.01875 0.01953125
0 0.72734375 0.728125 0.02109375 0.021875
0 0.49921875 0.51171875 0.0171875 0.01875
0 0.67265625 0.51484375 0.0203125 0.0171875
0 0.328125 0.5109375 0.02109375 0.01875
0 0.49921875 0.26953125 0.015625 0.0140625
0 0.6109375 0.26875 0.01796875 0.01484375
0 0.3890625 0.2671875 0.0203125 0.015625
0 0.59765625 0.2109375 0.015625 0.0140625
0 0.403125 0.2109375 0.01015625 0.01171875