1 0.30769470625 0.2538162140625 0.1442717921875 0.7821318546875 0.2354311359375 0.7808551140625 0.356210884375 0.2538162140625 0.30769470625 0.2538162140625
1 0.8513312453124999 0.7760034953125 0.688419028125 0.25126273125 0.6401581984375 0.2515180796875 0.7606825984375 0.7760034953125 0.8513312453124999 0.7760034953125
2 0.36796875 0.20546875 0.0390625 0.0984375
2 0.54921875 0.70234375 0.0515625 0.1890625
0 0.76015625 0.77421875 0.01640625 0.02109375
0 0.23671875 0.778125 0.01640625 0.0203125
0 0.4984375 0.58984375 0.0203125 0.0203125
0 0.715625 0.58828125 0.015625 0.01640625
0 0.3390625 0.32734375 0.0125 0.01171875
0 0.49765625 0.32734375 0.0125 0.0125
0 0.65546875 0.325 0.0125 0.0125
0 0.63984375 0.25234375 0.01015625 0.0125
0 0.3546875 0.25390625 0.0171875 0.0125
0 0.2796875 0.5921875 0.021875 0.01875