1 0.3224561 0.2893836796875 0.18116877343749999 0.750695309375 0.26214756875 0.75020895 0.366957959375 0.2898700375 0.3224561 0.2893836796875
1 0.8161106109375 0.756045259375 0.67458010625 0.2915722953125 0.6300782453125 0.2915722953125 0.7348886375 0.754099821875 0.8161106109375 0.756045259375
2 0.45703125 0.2484375 0.0375 0.090625
2 0.80703125 0.68671875 0.0625 0.140625
0 0.26171875 0.74921875 0.01796875 0.01875
0 0.3 0.58828125 0.021875 0.025
0 0.5 0.5890625 0.02265625 0.0203125
0 0.734375 0.75234375 0.02265625 0.0234375
0 0.4984375 0.3578125 0.01796875 0.01875
0 0.64375 0.35859375 0.01640625 0.0171875
0 0.353125 0.35546875 0.0203125 0.0171875
0 0.36640625 0.290625 0.01328125 0.0140625
0 0.63125 0.2921875 0.01953125 0.0171875
0 0.696875 0.59140625 0.01875 0.01640625