1 0.14785317343749999 0.783038190625 0.23855915 0.7818222921875 0.35941939375 0.2536362828125 0.3112698390625 0.2538794625 0.14785317343749999 0.783038190625
1 0.856112071875 0.7784109765625 0.6915625000000001 0.25203125000000004 0.64375 0.2521875 0.765 0.77828125 0.856112071875 0.7784109765625
2 0.46484375 0.17890625 0.028125 0.1109375
2 0.66484375 0.78203125 0.0859375 0.2125
0 0.2390625 0.77734375 0.021875 0.02734375
0 0.28359375 0.5921875 0.021875 0.0203125
0 0.5015625 0.58984375 0.02421875 0.02109375
0 0.7203125 0.5890625 0.0203125 0.0203125
0 0.76484375 0.77578125 0.0171875 0.01796875
0 0.50234375 0.328125 0.01328125 0.015625
0 0.659375 0.32578125 0.01796875 0.01484375
0 0.359375 0.2546875 0.015625 0.01640625
0 0.64375 0.253125 0.01640625 0.01640625