1 0.3233842390625 0.3593664296875 0.1744453015625 0.7647354046875 0.2582519203125 0.764279934375 0.37 0.35953124999999997 0.3233842390625 0.3593664296875
1 0.634015296875 0.3680203734375 0.730119628125 0.777033115625 0.81438171875 0.7811323531250001 0.68001784375 0.3680203734375 0.634015296875 0.3680203734375
2 0.440625 0.665625 0.0484375 0.184375
2 0.6265625 0.30703125 0.028125 0.1015625
0 0.25703125 0.7625 0.025 0.028125
0 0.29765625 0.6203125 0.028125 0.028125
0 0.49765625 0.62421875 0.02421875 0.02578125
0 0.6953125 0.63203125 0.0265625 0.0265625
0 0.73046875 0.775 0.0328125 0.02734375
0 0.3546875 0.41640625 0.02734375 0.02109375
0 0.49921875 0.42109375 0.021875 0.0234375
0 0.6453125 0.425 0.02109375 0.02109375
0 0.63515625 0.36796875 0.0109375 0.01953125
0 0.36953125 0.36015625 0.015625 0.015625