1 0.369408165625 0.18756842812500002 0.11073740937500001 0.7202033 0.2120096890625 0.7189368390624999 0.40230193906249995 0.1871988359375 0.369408165625 0.18756842812500002
1 0.6201862859375 0.1808200515625 0.586081809375 0.181552190625 0.8031860296875 0.7082300953125 0.910607828125 0.7082300953125 0.6201862859375 0.1808200515625
2 0.86015625 0.73671875 0.0984375 0.2484375
2 0.46015625 0.15703125 0.021875 0.0609375
0 0.2109375 0.71328125 0.02421875 0.0265625
0 0.4984375 0.45390625 0.02578125 0.02734375
0 0.69375 0.44765625 0.0265625 0.02578125
0 0.3046875 0.46015625 0.025 0.02578125
0 0.80234375 0.70546875 0.0265625 0.0234375
0 0.4953125 0.23203125 0.0203125 0.01875
0 0.60390625 0.228125 0.01875 0.01953125
0 0.384375 0.23515625 0.0203125 0.01875
0 0.4015625 0.1890625 0.01796875 0.015625
0 0.5875 0.18359375 0.01875 0.01953125