1 0.1989583328125 0.1010416671875 0.1135416671875 0.1 0.025 0.878125 0.1510416671875 0.8802083328125001 0.1989583328125 0.1010416671875
1 0.7697916671875 0.1020833328125 0.684375 0.1020833328125 0.871875 0.8739583328125 0.9947916671874999 0.875 0.7697916671875 0.1020833328125
2 0.3734375 0.19296875 0.06875 0.215625
2 0.3796875 0.803125 0.1125 0.2609375
0 0.14921875 0.8765625 0.04296875 0.04609375
0 0.165625 0.6375 0.02890625 0.0265625
0 0.4890625 0.63359375 0.03671875 0.03125
0 0.81328125 0.63515625 0.04609375 0.0375
0 0.86953125 0.871875 0.0359375 0.0390625
0 0.453125 0.23125 0.028125 0.03828125
0 0.71640625 0.23203125 0.0390625 0.0296875
0 0.68671875 0.103125 0.0296875 0.03359375
0 0.19609375 0.10234375 0.02421875 0.0296875
0 0.1890625 0.23203125 0.02265625 0.03984375